0.751  0.751
1.541  0.772
2.347  0.792
3.103  0.744
3.899  0.776
4.632  0.716
5.354  0.703
6.155  0.788
6.890  0.722
7.695  0.794
8.455  0.741
9.208  0.740
10.012  0.789
10.748  0.722
11.470  0.712
12.212  0.731
13.017  0.792
13.772  0.739
14.538  0.748
15.306  0.753
16.084  0.765
16.887  0.790
17.617  0.714
18.368  0.738
19.179  0.793
19.912  0.717
20.662  0.734
21.395  0.716
22.190  0.784
22.991  0.785
23.724  0.723
24.526  0.785
25.328  0.783
26.114  0.774
26.854  0.724
27.621  0.749
28.416  0.782
29.212  0.784
29.933  0.702
30.719  0.774
31.508  0.771
32.278  0.755
33.007  0.713
33.794  0.773
34.511  0.707
35.255  0.733
36.029  0.759
36.835  0.788
37.623  0.776
38.429  0.795
39.183  0.738
39.943  0.745
40.678  0.719
41.445  0.752
42.238  0.777
42.999  0.742
43.771  0.752
44.525  0.742
45.289  0.746
46.048  0.747
46.826  0.761
47.540  0.701
48.312  0.756
49.120  0.799
49.881  0.748
50.608  0.709
51.387  0.763
52.126  0.721
52.849  0.711
53.596  0.737
54.341  0.727
55.086  0.733
55.864  0.759
56.657  0.781
57.437  0.765
58.164  0.709
58.973  0.792
59.753  0.761
60.556  0.790
61.286  0.719
62.078  0.775
62.891  0.795
63.700  0.797
64.445  0.727
65.231  0.772
65.961  0.719
66.716  0.742
67.463  0.737
68.198  0.722
68.952  0.741
69.740  0.768
70.509  0.754
71.232  0.705
71.980  0.730
72.693  0.700
73.481  0.771
74.218  0.718
74.953  0.722
75.722  0.753
76.509  0.776
77.271  0.748
78.022  0.740
78.744  0.706
79.532  0.777
80.260  0.716
80.979  0.706
81.769  0.773
82.529  0.748
83.260  0.721
84.011  0.735
84.748  0.725
85.467  0.704
86.184  0.705
86.950  0.753
87.722  0.756
88.478  0.743
89.279  0.787
90.091  0.793
90.829  0.723
91.636  0.796
92.404  0.755
93.185  0.761
93.988  0.784
94.798  0.793
95.609  0.794
96.327  0.701
97.086  0.749
97.857  0.754
98.630  0.761
99.359  0.715
100.098  0.720
100.847  0.737
101.588  0.729
102.342  0.740
103.155  0.798
103.956  0.784
104.716  0.742
105.469  0.734
106.190  0.709
106.944  0.737
107.670  0.710
108.468  0.780
109.224  0.741
109.952  0.711
110.736  0.770
111.491  0.738
112.209  0.703
112.994  0.772
113.726  0.713
114.542  0.799
115.273  0.711
116.022  0.732
116.781  0.748
117.543  0.743
118.349  0.790
119.157  0.790
119.963  0.794
120.683  0.709
121.447  0.746
122.200  0.738
122.995  0.782
123.726  0.720
124.526  0.785
125.339  0.798
126.123  0.770
126.859  0.723
127.657  0.787
128.452  0.777
129.241  0.773
129.964  0.709
130.703  0.724
131.488  0.765
132.216  0.712
133.030  0.798
133.778  0.736
134.588  0.798
135.389  0.781
136.154  0.753
136.893  0.722
137.659  0.747
138.423  0.749
139.152  0.711
139.966  0.795
140.770  0.784
141.495  0.706
142.309  0.796
143.038  0.712
143.792  0.735
144.530  0.726
145.333  0.785
146.097  0.747
146.857  0.747
147.656  0.781
148.394  0.726
149.185  0.771
149.975  0.776
150.738  0.744
151.500  0.752
152.228  0.717
153.038  0.797
153.777  0.729
154.563  0.775
155.323  0.744
156.119  0.781
156.850  0.718
157.638  0.770
158.368  0.717
159.179  0.791
159.949  0.752
160.760  0.799
161.542  0.764
162.266  0.705
162.999  0.717
163.765  0.754
164.512  0.733
165.321  0.796
166.058  0.727
166.851  0.781
167.589  0.723
168.368  0.762
169.084  0.702
169.820  0.720
170.566  0.729
171.327  0.747
172.122  0.776
172.848  0.712
173.655  0.794
174.380  0.711
175.107  0.712
175.876  0.754
176.595  0.700
177.374  0.768
178.150  0.765
178.956  0.788
179.760  0.791
180.572  0.795
181.304  0.714
182.025  0.704
182.752  0.710
183.494  0.723
184.242  0.736
185.026  0.772
185.807  0.767
186.588  0.765
187.386  0.786
188.103  0.700
188.905  0.788
189.679  0.762
190.465  0.771
191.233  0.755
191.980  0.730
192.793  0.800
193.539  0.733
194.277  0.720
195.011  0.720
195.733  0.711
196.514  0.765
197.319  0.795
198.088  0.755
198.836  0.735
199.632  0.783
200.411  0.765
201.153  0.732
201.889  0.722
202.652  0.752
203.436  0.773
204.227  0.781
204.993  0.752
205.747  0.738
206.489  0.724
207.282  0.775
208.089  0.791
208.823  0.714
209.617  0.780
210.370  0.736
211.129  0.746
211.851  0.703
212.576  0.711
213.384  0.792
214.188  0.790
214.943  0.742
215.662  0.709
216.389  0.714
217.187  0.779
217.957  0.752
218.699  0.728
219.477  0.764
220.200  0.706
221.001  0.782
221.809  0.796
222.533  0.709
223.289  0.740
224.033  0.728
224.778  0.731
225.522  0.733
226.261  0.728
226.991  0.717
227.797  0.794
228.541  0.728
229.301  0.741
230.027  0.710
230.782  0.738
231.531  0.738
232.319  0.775
233.118  0.782
233.848  0.714
234.643  0.779
235.450  0.791
236.223  0.756
237.006  0.766
237.727  0.700
238.445  0.702
239.242  0.785
240.020  0.765
240.807  0.772
241.552  0.727
242.349  0.780
243.108  0.749
243.905  0.780
244.694  0.777
245.443  0.730
246.208  0.751
246.934  0.713
247.668  0.714
248.466  0.782
249.255  0.778
250.053  0.778
250.792  0.724
251.592  0.788
252.313  0.706
253.040  0.710
253.763  0.704
254.545  0.768
255.311  0.754
256.105  0.777
256.855  0.735
257.609  0.742
258.328  0.703
259.108  0.762
259.872  0.750
260.628  0.746
261.420  0.782
262.146  0.713
262.885  0.725
263.637  0.736
264.370  0.721
265.155  0.769
265.966  0.791
266.704  0.725
267.493  0.773
268.261  0.753
269.075  0.798
269.885  0.792
270.618  0.719
271.392  0.761
272.162  0.754
272.913  0.735
273.663  0.735
274.456  0.777
275.240  0.766
276.017  0.758
276.822  0.788
277.629  0.796
278.424  0.784
279.196  0.759
279.995  0.781
280.760  0.752
281.574  0.800
282.334  0.749
283.105  0.751
283.900  0.784
284.634  0.721
285.425  0.771
286.198  0.760
286.990  0.781
287.729  0.723
288.460  0.716
289.217  0.740
289.973  0.743
290.712  0.722
291.523  0.797
292.308  0.770
293.071  0.745
293.861  0.771
294.640  0.768
295.444  0.793
296.169  0.707
296.912  0.732
297.687  0.758
298.435  0.736
299.185  0.735
299.911  0.707
